1000	400	1.499891133	0.049904622
1050	550	0.242516885	0.00738337
1000	1000	0.007454864	0.000360984
1000	1050	0.005873962	0.000297328
1000	1100	0.004292436	0.00023089
1000	1150	0.003322742	0.000187609
1000	1200	0.002261583	0.000131316
1000	1250	0.001839751	0.000111966
1000	1300	0.001419562	9.07E-05
1000	1350	0.001144333	7.76E-05
1000	1400	0.000810748	5.65E-05
1000	1450	0.000634352	4.66E-05
1000	1500	0.000506375	3.97E-05
1000	200	0		0
1000	250	46.84257433	2.469973954
1000	300	10.00534656	0.426044798
1000	350	3.461306958	0.126318212
1000	450	0.752168362	0.024077407
1000	500	0.414235698	0.012991036
1000	550	0.244103049	0.007425542
1000	600	0.151384378	0.004772766
1000	650	0.093133391	0.003250778
1000	700	0.061843692	0.00225916
1000	750	0.042602617	0.001566908
1000	800	0.029247847	0.001148441
1000	850	0.021724772	0.00088692
1000	900	0.015702986	0.000681002
1000	950	0.011365063	0.000523077
1050	1000	0.007778626	0.00037461
1050	1050	0.005567258	0.000280686
1050	1100	0.004195881	0.000221142
1050	1150	0.003181801	0.000176713
1050	1200	0.002238206	0.00013056
1050	1250	0.001858889	0.000113978
1050	1300	0.001429591	9.13E-05
1050	1350	0.001091759	7.29E-05
1050	1400	0.00082203	5.75E-05
1050	1450	0.000632804	4.66E-05
1050	1500	0.000496038	3.89E-05
1050	200	0		0
1050	250	46.9227722	2.543772739
1050	300	10.02207919	0.420895989
1050	350	3.45631686	0.126439727
1050	400	1.508059446	0.049969932
1050	450	0.748386176	0.024569882
1050	500	0.41717232	0.012488373
1050	600	0.151358507	0.004782622
1050	650	0.096269856	0.003223764
1050	700	0.062765807	0.002209718
1050	750	0.042339961	0.001570842
1050	800	0.030461019	0.00118946
1050	850	0.020699327	0.000870361
1050	900	0.014866353	0.000644641
1050	950	0.011055558	0.000506967
1100	1000	0.007171635	0.000358976
1100	1050	0.00583703	0.000298455
1100	1100	0.004492732	0.000238946
1100	1150	0.003224613	0.000177825
1100	1200	0.002213345	0.000128579
1100	1250	0.001782968	0.000107827
1100	1300	0.001445274	9.25E-05
1100	1350	0.001043313	6.91E-05
1100	1400	0.000843856	5.96E-05
1100	1450	0.000630151	4.65E-05
1100	1500	0.000488712	3.81E-05
1100	200	0		0
1100	250	46.89405944	2.47108604
1100	300	10.0118812	0.431306537
1100	350	3.465811902	0.126177971
1100	400	1.507108947	0.049394335
1100	450	0.75358419	0.024072089
1100	500	0.412316866	0.013329085
1100	550	0.246715881	0.007438525
1100	600	0.150882232	0.004764461
1100	650	0.095876364	0.003231649
1100	700	0.063497046	0.002220437
1100	750	0.041715363	0.001577298
1100	800	0.03046558	0.001190541
1100	850	0.020420021	0.000857767
1100	900	0.01570566	0.000682421
1100	950	0.011373974	0.000523901
1150	1000	0.007475457	0.0003657
1150	1050	0.005495664	0.000277952
1150	1100	0.004717217	0.000258069
1150	1150	0.003141701	0.000173929
1150	1200	0.002290344	0.000131787
1150	1250	0.001751938	0.000105218
1150	1300	0.001403175	8.90E-05
1150	1350	0.001149372	7.77E-05
1150	1400	0.000871288	6.17E-05
1150	1450	0.000629775	4.63E-05
1150	1500	0.000497057	3.87E-05
1150	200	0		0
1150	250	46.91386131	2.468462655
1150	300	10.02475246	0.425544434
1150	350	3.445693091	0.126311111
1150	400	1.502069343	0.05029159
1150	450	0.75121785	0.023725752
1150	500	0.414462407	0.012993215
1150	550	0.24258023	0.007432734
1150	600	0.150401028	0.00477614
1150	650	0.094621842	0.003231878
1150	700	0.062678477	0.002235187
1150	750	0.042429577	0.001592786
1150	800	0.029669555	0.001161627
1150	850	0.021269726	0.000870354
1150	900	0.014590511	0.000639144
1150	950	0.010212191	0.000477694
1200	1000	0.007874665	0.000378246
1200	1050	0.005510584	0.000280405
1200	1100	0.004250474	0.000223779
1200	1150	0.003225156	0.000177781
1200	1200	0.00239277	0.000137234
1200	1250	0.001920809	0.000117923
1200	1300	0.001387244	8.78E-05
1200	1350	0.001058897	7.05E-05
1200	1400	0.000793698	5.55E-05
1200	1450	0.00063896	4.73E-05
1200	1500	0.000491242	3.84E-05
1200	200	0		0
1200	250	47.02079202	2.562413419
1200	300	10.03336633	0.423022841
1200	350	3.450059425	0.119946834
1200	400	1.510376265	0.049686613
1200	450	0.74503963	0.024208229
1200	500	0.414505968	0.012996209
1200	550	0.241749533	0.007423984
1200	600	0.148912901	0.004817961
1200	650	0.094938652	0.003213425
1200	700	0.063088196	0.002216342
1200	750	0.042619102	0.001567852
1200	800	0.029379021	0.00115739
1200	850	0.02115597	0.000871253
1200	900	0.014886849	0.000646638
1200	950	0.011672588	0.000543062
1250	1000	0.007477041	0.00036649
1250	1050	0.005733762	0.000290332
1250	1100	0.004314345	0.000228729
1250	1150	0.003313552	0.000184411
1250	1200	0.002393076	0.000138894
1250	1250	0.001766115	0.000105949
1250	1300	0.001364313	8.60E-05
1250	1350	0.00109751	7.37E-05
1250	1400	0.000801668	5.60E-05
1250	1450	0.000630371	4.66E-05
1250	1500	0.000492265	3.85E-05
1250	200	0		0
1250	250	47.0297029	2.561251278
1250	300	10.03762377	0.425286192
1250	350	3.466534667	0.12597812
1250	400	1.504069329	0.049582721
1250	450	0.750247551	0.02436058
1250	500	0.417457451	0.012479976
1250	550	0.245099034	0.007964724
1250	600	0.152492104	0.004740352
1250	650	0.095263395	0.003241751
1250	700	0.063913902	0.002231684
1250	750	0.042054888	0.001575316
1250	800	0.029874576	0.001156561
1250	850	0.021554104	0.000880352
1250	900	0.015009822	0.000651472
1250	950	0.010489519	0.000482117
1300	1000	0.007366892	0.000364513
1300	1050	0.005427475	0.000275873
1300	1100	0.004552355	0.000243723
1300	1150	0.00298079	0.000166634
1300	1200	0.002290809	0.000131709
1300	1250	0.001917234	0.000117485
1300	1300	0.001462887	9.35E-05
1300	1350	0.001088332	7.28E-05
1300	1400	0.000790355	5.51E-05
1300	1450	0.000641828	4.75E-05
1300	1500	0.000494861	3.90E-05
1300	200	0		0
1300	250	47.0673267	2.524583587
1300	300	10.02762375	0.421471321
1300	350	3.456801996	0.127134479
1300	400	1.500524778	0.049943182
1300	450	0.750396064	0.024347101
1300	500	0.409802993	0.012889188
1300	550	0.246054477	0.007461361
1300	600	0.151461408	0.004776714
1300	650	0.095298043	0.003201765
1300	700	0.063151513	0.002224619
1300	750	0.042630149	0.001566014
1300	800	0.029678265	0.001162266
1300	850	0.022402092	0.000919745
1300	900	0.015102005	0.000653521
1300	950	0.011195559	0.000512921
1350	1000	0.007365457	0.000363209
1350	1050	0.005804316	0.000293376
1350	1100	0.004369147	0.000232066
1350	1150	0.003142463	0.000172483
1350	1200	0.002419799	0.000140335
1350	1250	0.001827135	0.000111454
1350	1300	0.001391659	8.89E-05
1350	1350	0.001063609	7.08E-05
1350	1400	0.000840785	5.91E-05
1350	1450	0.000644158	4.78E-05
1350	1500	0.000486832	3.81E-05
1350	200	0		0
1350	250	47.08613861	2.52580808
1350	300	10.03069305	0.421464461
1350	350	3.452396052	0.132070717
1350	400	1.504871304	0.049961437
1350	450	0.75450497	0.02338018
1350	500	0.414147547	0.012856337
1350	550	0.241909921	0.007501497
1350	600	0.149461406	0.004826366
1350	650	0.095316852	0.003198487
1350	700	0.06347725	0.00224149
1350	750	0.042636564	0.001562348
1350	800	0.02965077	0.001158448
1350	850	0.020975162	0.000863239
1350	900	0.015056873	0.000651404
1350	950	0.010929126	0.000501664
1400	1000	0.007566844	0.000367404
1400	1050	0.006039197	0.000308066
1400	1100	0.00455278	0.000243966
1400	1150	0.003271502	0.000183371
1400	1200	0.002314511	0.000132634
1400	1250	0.001869521	0.000113945
1400	1300	0.001430223	9.16E-05
1400	1350	0.00110345	7.44E-05
1400	1400	0.000820501	5.73E-05
1400	1450	0.000620234	4.54E-05
1400	1500	0.000504572	3.95E-05
1400	200	0		0
1400	250	47.0752475	2.565420145
1400	300	10.04811879	0.428043496
1400	350	3.459663374	0.126443471
1400	400	1.507811903	0.049922068
1400	450	0.758455466	0.023815133
1400	500	0.414879228	0.013006524
1400	550	0.243552494	0.007475136
1400	600	0.149475266	0.004822872
1400	650	0.094357443	0.003252455
1400	700	0.061811899	0.002240862
1400	750	0.0412421	0.001549755
1400	800	0.029682608	0.001160976
1400	850	0.02030724	0.000858408
1400	900	0.014711412	0.000641723
1400	950	0.011060616	0.000508003
1450	1000	0.007369965	0.000364622
1450	1050	0.005878317	0.000296774
1450	1100	0.004371186	0.000231849
1450	1150	0.003100264	0.000171103
1450	1200	0.002313798	0.000134023
1450	1250	0.001823827	0.000110091
1450	1300	0.001420411	9.04E-05
1450	1350	0.001071232	7.13E-05
1450	1400	0.000838774	5.94E-05
1450	1450	0.000628943	4.67E-05
1450	1500	0.000494134	3.86E-05
1450	200	0		0
1450	250	47.14356444	2.472525628
1450	300	10.04257426	0.42084945
1450	350	3.456603971	0.126399796
1450	400	1.510683192	0.049505218
1450	450	0.753376257	0.024374921
1450	500	0.412833684	0.012421389
1450	550	0.247012888	0.007480757
1450	600	0.152079224	0.004806087
1450	650	0.095649521	0.00320776
1450	700	0.063877243	0.002245925
1450	750	0.04323467	0.001585759
1450	800	0.029066952	0.001167758
1450	850	0.021742621	0.000887886
1450	900	0.0154402	0.000675463
1450	950	0.011784593	0.000549463
1500	1000	0.007657346	0.000369932
1500	1050	0.005805961	0.00029206
1500	1100	0.004370236	0.000232245
1500	1150	0.003271928	0.000183306
1500	1200	0.002369283	0.000137063
1500	1250	0.001796391	0.000108554
1500	1300	0.001454421	9.29E-05
1500	1350	0.001051697	6.96E-05
1500	1400	0.000785354	5.44E-05
1500	1450	0.00064862	4.80E-05
1500	1500	0.000495139	3.88E-05
1500	200	0		0
1500	250	47.09801978	2.479515252
1500	300	10.04673268	0.427120773
1500	350	3.464722778	0.126351724
1500	400	1.511019824	0.050072715
1500	450	0.758732689	0.023911257
1500	500	0.415758433	0.01284772
1500	550	0.246106947	0.007903548
1500	600	0.153153481	0.004768924
1500	650	0.095703975	0.003206413
1500	700	0.061543579	0.002231207
1500	750	0.043241005	0.00158789
1500	800	0.029262194	0.001169853
1500	850	0.021139231	0.000866696
1500	900	0.015107921	0.000654986
1500	950	0.010804716	0.000493942
200	1000	0.007543291	0.000365839
200	1050	0.005352596	0.000276436
200	1100	0.004138357	0.000218163
200	1150	0.003265266	0.000181968
200	1200	0.002415472	0.000139875
200	1250	0.001791956	0.000108088
200	1300	0.001461925	9.41E-05
200	1350	0.001072281	7.19E-05
200	1400	0.000860818	6.10E-05
200	1450	0.000642824	4.74E-05
200	1500	0.000498147	3.88E-05
200	200	0		0
200	250	46.42880936	2.461640173
200	300	9.945253669	0.421278136
200	350	3.439862518	0.126428561
200	400	1.500970657	0.048913077
200	450	0.746019961	0.02329957
200	500	0.41244564	0.012770443
200	550	0.244402048	0.007376883
200	600	0.147503025	0.004825351
200	650	0.098309948	0.003203438
200	700	0.061331724	0.002251576
200	750	0.041961225	0.001593948
200	800	0.028417756	0.001143514
200	850	0.020530327	0.0008535
200	900	0.01504676	0.000650015
200	950	0.011210619	0.000515741
250	1000	0.007465963	0.000365422
250	1050	0.005788031	0.000291936
250	1100	0.004485831	0.000239819
250	1150	0.003177602	0.000177452
250	1200	0.002287957	0.000131449
250	1250	0.001792035	0.000108073
250	1300	0.001479202	9.52E-05
250	1350	0.00117033	8.00E-05
250	1400	0.000806099	5.62E-05
250	1450	0.000626617	4.62E-05
250	1500	0.00049684	3.90E-05
250	200	0		0
250	250	46.44697552	2.513547763
250	300	9.952880261	0.422932185
250	350	3.440753894	0.126352321
250	400	1.505307352	0.049362369
250	450	0.74742592	0.023769673
250	500	0.409805053	0.01274353
250	550	0.243555516	0.00738433
250	600	0.148530747	0.00480362
250	650	0.095403016	0.00317361
250	700	0.061285188	0.002254681
250	750	0.042258451	0.001601648
250	800	0.029605973	0.001157666
250	850	0.02039191	0.000855976
250	900	0.015146858	0.000652844
250	950	0.010727747	0.000490672
300	1000	0.007351507	0.000358489
300	1050	0.005637307	0.000285723
300	1100	0.004677464	0.0002548
300	1150	0.003177779	0.000177346
300	1200	0.002311016	0.000133334
300	1250	0.001750064	0.000104985
300	1300	0.001462102	9.41E-05
300	1350	0.001101923	7.42E-05
300	1400	0.000808583	5.68E-05
300	1450	0.000657764	4.88E-05
300	1500	0.000491737	3.84E-05
300	200	0		0
300	250	46.53007401	2.463131566
300	300	9.962494089	0.421812742
300	350	3.450942507	0.126159846
300	400	1.500356937	0.049439605
300	450	0.751416041	0.023349208
300	500	0.415444664	0.012798031
300	550	0.241096112	0.007395782
300	600	0.150057481	0.004775288
300	650	0.095060441	0.003201473
300	700	0.061293108	0.002253189
300	750	0.041966767	0.001594787
300	800	0.030220229	0.001172443
300	850	0.020523889	0.000852906
300	900	0.015148341	0.000653155
300	950	0.011159627	0.000511384
350	1000	0.007264575	0.000358788
350	1050	0.005637564	0.00028578
350	1100	0.004307265	0.000227446
350	1150	0.002975363	0.000166274
350	1200	0.002501015	0.000145022
350	1250	0.00182139	0.000110101
350	1300	0.001501805	9.78E-05
350	1350	0.001104428	7.42E-05
350	1400	0.000810935	5.68E-05
350	1450	0.000630771	4.69E-05
350	1500	0.000499925	3.93E-05
350	200	0		0
350	250	46.51784597	2.463934928
350	300	9.95916912	0.41999065
350	350	3.445171426	0.126516855
350	400	1.500654095	0.049485167
350	450	0.750188345	0.023762884
350	500	0.414776353	0.012434773
350	550	0.243622846	0.007424393
350	600	0.15015154	0.004811762
350	650	0.095693114	0.003199291
350	700	0.062872315	0.002216897
350	750	0.042257756	0.001575773
350	800	0.029397951	0.001144574
350	850	0.021122205	0.000869792
350	900	0.01536151	0.000664497
350	950	0.011010716	0.000503062
400	1000	0.007769327	0.000373702
400	1050	0.005795612	0.000292461
400	1100	0.004301829	0.000228406
400	1150	0.003187679	0.000176644
400	1200	0.002237004	0.000130366
400	1250	0.001852142	0.000112395
400	1300	0.001436082	9.21E-05
400	1350	0.001067189	7.13E-05
400	1400	0.000802787	5.62E-05
400	1450	0.000633406	4.69E-05
400	1500	0.000492835	3.86E-05
400	200	0		0
400	250	46.56436235	2.509145945
400	300	9.968473517	0.418963879
400	350	3.453195867	0.126233553
400	400	1.502426635	0.049891079
400	450	0.751742844	0.023344663
400	500	0.414218939	0.012801019
400	550	0.243692155	0.00746107
400	600	0.149072333	0.004769144
400	650	0.094104995	0.003232969
400	700	0.063394097	0.002231585
400	750	0.042276765	0.001599957
400	800	0.029996168	0.001163546
400	850	0.02153161	0.000879587
400	900	0.015264479	0.000661773
400	950	0.010750517	0.000490271
450	1000	0.007650316	0.000368659
450	1050	0.005710978	0.000287645
450	1100	0.004191105	0.000220575
450	1150	0.003266936	0.000181913
450	1200	0.00228837	0.000131528
450	1250	0.001870666	0.000114341
450	1300	0.001461269	9.37E-05
450	1350	0.001055367	7.05E-05
450	1400	0.000852964	6.06E-05
450	1450	0.000640393	4.77E-05
450	1500	0.000497308	3.91E-05
450	200	0		0
450	250	46.61683392	2.51952573
450	300	9.963570452	0.426469357
450	350	3.429656087	0.125916318
450	400	1.502734241	0.049916444
450	450	0.745416188	0.024507051
450	500	0.414279351	0.01277903
450	550	0.245366417	0.007444788
450	600	0.149096096	0.004815631
450	650	0.096723806	0.003194876
450	700	0.063302017	0.002216123
450	750	0.041980032	0.001596163
450	800	0.029594979	0.001148951
450	850	0.021259332	0.000872244
450	900	0.014987152	0.000652755
450	950	0.010755566	0.000492094
500	1000	0.00744784	0.000361614
500	1050	0.005638571	0.000284175
500	1100	0.004487778	0.000239635
500	1150	0.003267212	0.000181996
500	1200	0.002260578	0.0001312
500	1250	0.001838309	0.00011172
500	1300	0.001394417	8.85E-05
500	1350	0.001114169	7.51E-05
500	1400	0.000813848	5.70E-05
500	1450	0.000634185	4.69E-05
500	1500	0.000496377	3.87E-05
500	200	0		0
500	250	46.55643664	2.472504434
500	300	9.975546322	0.421303726
500	350	3.463945559	0.126284392
500	400	1.50297485	0.049974752
500	450	0.749545062	0.023938892
500	500	0.409406111	0.013279854
500	550	0.245381275	0.00741795
500	600	0.150146592	0.004772087
500	650	0.094774301	0.00321985
500	700	0.062200036	0.002230136
500	750	0.04228508	0.001598999
500	800	0.029811908	0.001147945
500	850	0.019997153	0.000846261
500	900	0.014750517	0.000643697
500	950	0.011414971	0.000532763
550	1000	0.007355562	0.000359061
550	1050	0.005562383	0.000282785
550	1100	0.004419837	0.00023516
550	1150	0.003222113	0.000177957
550	1200	0.002266349	0.000130782
550	1250	0.001781774	0.000107849
550	1300	0.001426763	9.10E-05
550	1350	0.001104713	7.41E-05
550	1400	0.000802992	5.59E-05
550	1450	0.000627174	4.60E-05
550	1500	0.000495242	3.88E-05
550	200	0		0
550	250	46.6277234	2.519130751
550	300	9.979505671	0.421374682
550	350	3.443576454	0.126547145
550	400	1.504472292	0.048930904
550	450	0.752238582	0.023409905
550	500	0.410893291	0.013264073
550	550	0.242991187	0.007423051
550	600	0.151298079	0.004777501
550	650	0.096437667	0.003211071
550	700	0.064186174	0.002216689
550	750	0.04171706	0.001584575
550	800	0.030205769	0.001158472
550	850	0.020835172	0.000861849
550	900	0.01485418	0.00064676
550	950	0.011050613	0.000504498
600	1000	0.007652096	0.000369208
600	1050	0.005663065	0.000287796
600	1100	0.004303529	0.000228448
600	1150	0.003139736	0.000172019
600	1200	0.002285636	0.000132144
600	1250	0.001737516	0.000104457
600	1300	0.001418872	9.06E-05
600	1350	0.001114356	7.51E-05
600	1400	0.000849489	6.03E-05
600	1450	0.000652646	4.85E-05
600	1500	0.000485312	3.78E-05
600	200	0		0
600	250	46.63960436	2.510759269
600	300	9.979010251	0.419139479
600	350	3.462990841	0.126783335
600	400	1.503757322	0.049367014
600	450	0.751637065	0.023414243
600	500	0.41524786	0.012777195
600	550	0.245526849	0.00795818
600	600	0.148150559	0.004832724
600	650	0.094483213	0.003229307
600	700	0.06305449	0.002240025
600	750	0.043152901	0.001605563
600	800	0.028645471	0.001156802
600	850	0.020953587	0.000873108
600	900	0.014664674	0.000640777
600	950	0.011327246	0.000522856
650	1000	0.007450115	0.000362174
650	1050	0.006039104	0.000307345
650	1100	0.004135489	0.000219077
650	1150	0.003018072	0.000167626
650	1200	0.002312239	0.000132265
650	1250	0.001808021	0.000109215
650	1300	0.001394248	8.84E-05
650	1350	0.001104583	7.38E-05
650	1400	0.000801591	5.58E-05
650	1450	0.00063157	4.66E-05
650	1500	0.000492539	3.87E-05
650	200	0		0
650	250	46.68514884	2.533529985
650	300	9.96960417	0.431102935
650	350	3.45789143	0.126607744
650	400	1.501446493	0.049909331
650	450	0.748638036	0.023970344
650	500	0.414490776	0.013338385
650	550	0.244692233	0.007437809
650	600	0.148169379	0.004839137
650	650	0.096112917	0.003199584
650	700	0.062959441	0.00222927
650	750	0.042299237	0.001582876
650	800	0.029636262	0.00115051
650	850	0.020681903	0.000868675
650	900	0.015370911	0.000664918
650	950	0.011036058	0.000505428
700	1000	0.007185065	0.000357564
700	1050	0.005570816	0.000281733
700	1100	0.004421677	0.000234223
700	1150	0.00305619	0.000168645
700	1200	0.0022891	0.000131499
700	1250	0.001794773	0.000108388
700	1300	0.001402376	8.93E-05
700	1350	0.001154771	7.85E-05
700	1400	0.000806532	5.62E-05
700	1450	0.000649624	4.83E-05
700	1500	0.000491252	3.84E-05
700	200	0		0
700	250	46.70990122	2.523014897
700	300	9.98217832	0.425758233
700	350	3.451960588	0.119676798
700	400	1.506970668	0.05008521
700	450	0.75000188	0.02365461
700	500	0.416721937	0.012843219
700	550	0.243901231	0.007400812
700	600	0.150220878	0.004767618
700	650	0.09450896	0.00321301
700	700	0.063017857	0.002224385
700	750	0.042574484	0.001593315
700	800	0.029228836	0.001166158
700	850	0.020820219	0.000870409
700	900	0.014668237	0.000641778
700	950	0.011357641	0.000522996
750	1000	0.007358134	0.000359808
750	1050	0.00557138	0.000281885
750	1100	0.004136082	0.000219101
750	1150	0.003422665	0.000195178
750	1200	0.002289229	0.000131422
750	1250	0.001782178	0.000107826
750	1300	0.001428999	9.13E-05
750	1350	0.001089266	7.33E-05
750	1400	0.000823849	5.80E-05
750	1450	0.000661255	4.95E-05
750	200	0		0
750	250	46.7108913	2.588373666
750	300	9.986039661	0.420210699
750	350	3.450663486	0.126015206
750	400	1.504623958	0.049962633
750	450	0.750119276	0.024021768
750	500	0.413237584	0.012954923
750	550	0.243089637	0.007387476
750	600	0.150798134	0.004783883
750	650	0.097434708	0.003206571
750	700	0.062063403	0.002235632
750	750	0.042862405	0.00158147
750	800	0.029233489	0.001168505
750	850	0.020686951	0.000867263
750	900	0.014762791	0.00064353
750	950	0.010773284	0.000492397
800	1000	0.007868826	0.000377676
800	1050	0.005967885	0.000304786
800	1100	0.004609755	0.000246363
800	1150	0.003223001	0.000177883
800	1200	0.00224606	0.000130283
800	1250	0.001808336	0.000109312
800	1300	0.001411583	9.01E-05
800	1350	0.001166374	7.96E-05
800	1400	0.000801244	5.57E-05
800	1450	0.00065714	4.88E-05
800	1500	0.000497308	3.90E-05
800	200	0		0
800	250	46.74059424	2.520702045
800	300	9.98930698	0.426834289
800	350	3.456455528	0.127168533
800	400	1.505000121	0.049939439
800	450	0.750208122	0.024039254
800	500	0.411897864	0.012947043
800	550	0.241628381	0.007824273
800	600	0.149776423	0.004783176
800	650	0.095180264	0.003198472
800	700	0.062935683	0.002226236
800	750	0.042583296	0.001595573
800	800	0.028840716	0.001156157
800	850	0.020846159	0.000862484
800	900	0.015276354	0.000661217
800	950	0.010910115	0.000499427
850	1000	0.007869321	0.000377689
850	1050	0.00579926	0.000294262
850	1100	0.004310744	0.000227618
850	1150	0.003227842	0.000179883
850	1200	0.002313129	0.000132494
850	1250	0.001853286	0.000112808
850	1300	0.001427286	9.12E-05
850	1350	0.001135176	7.72E-05
850	1400	0.000806968	5.65E-05
850	1450	0.000621681	4.57E-05
850	1500	0.0004968	3.90E-05
850	200	0		0
850	250	46.75544568	2.522062284
850	300	9.993168356	0.423240919
850	350	3.458841642	0.126481821
850	400	1.505356516	0.04992488
850	450	0.755584273	0.023915798
850	500	0.414059658	0.012955918
850	550	0.243143788	0.007423855
850	600	0.149098477	0.004797751
850	650	0.095507019	0.003225938
850	700	0.063502023	0.002243547
850	750	0.043178346	0.001586785
850	800	0.029032795	0.001163141
850	850	0.020965564	0.000875982
850	900	0.015626849	0.00068141
850	950	0.010875956	0.000495249
900	1000	0.007359716	0.000359824
900	1050	0.005969082	0.000304901
900	1100	0.004094526	0.000218075
900	1150	0.003405436	0.000191254
900	1200	0.002338099	0.000133859
900	1250	0.001753365	0.000105799
900	1300	0.001435721	9.17E-05
900	1350	0.001074641	7.15E-05
900	1400	0.000819816	5.75E-05
900	1450	0.00063871	4.71E-05
900	1500	0.000502378	3.94E-05
900	200	0		0
900	250	46.84257436	2.467340932
900	300	9.993267374	0.420900509
900	350	3.452623809	0.12677434
900	400	1.504435706	0.049958841
900	450	0.750475321	0.024042904
900	500	0.415570419	0.012983875
900	550	0.241604371	0.007411925
900	600	0.147166587	0.004811816
900	650	0.095554605	0.003227124
900	700	0.063054507	0.002221782
900	750	0.042882309	0.001583723
900	800	0.029621211	0.00117666
900	850	0.020281207	0.000854264
900	900	0.015183086	0.00065686
900	950	0.010760213	0.000491735
950	1000	0.007755161	0.000372549
950	1050	0.005873556	0.000297477
950	1100	0.004248337	0.000224052
950	1150	0.003097841	0.000170709
950	1200	0.002448534	0.000142424
950	1250	0.001808731	0.00010934
950	1300	0.001411889	8.99E-05
950	1350	0.001058552	7.04E-05
950	1400	0.000797981	5.54E-05
950	1450	0.000631023	4.66E-05
950	1500	0.000494752	3.86E-05
950	200	0		0
950	250	46.82475255	2.463226137
950	300	10.00920792	0.427310507
950	350	3.463227758	0.126433316
950	400	1.508712924	0.049413452
950	450	0.753257481	0.024065394
950	500	0.414962452	0.012982941
950	550	0.24162985	0.007410983
950	600	0.149838976	0.004829784
950	650	0.094388552	0.003211672
950	700	0.062148587	0.002215995
950	750	0.042599045	0.001566915
950	800	0.029231311	0.001164443
950	850	0.020832197	0.000874162
950	900	0.015068927	0.000650671
950	950	0.010877836	0.000495615
750	1500	0.000495482	3.89E-05
